1702884
1662545
1701219
1422083
1705659
1712702
682926
1707108
1334503
1703743
1713867
1651038
1697696
1697982
1701513
1708364
1711602
1714956
1702885
1616652
1625535
1708632
1705500
1709082
1708593
1695370
1708585
1708613
1709751
1491536
1502414
1709733
1696095
1713199
1693394
1689590
1679678
1694437
1660332
1696745
1711510
1703776
1708490
1711732
1667110
1705399
1706546
1707149
1706723
1703191
1705615
1707281
1665654
1701144
1699331
1692663
1711495
1713670
1702045
1714336
1708804
1708062
1353658
1694408
1708259
1709790
1705095
1706576
1703957
1697931
1708079
1607987
1701731
1705681
1701742
1610752
1691124
1705752
1672529
1701138
1706036
1712739
1702307
1699249
1719409
1719477
1707896
1691483
1706252
1702928
1706654
1540150
1693216
1706518
1711021
1675294
1263876
1302118
1623980
1698883
1652778
1706044
1709342
1699350
1701346
1486575
1700640
1707881
1708637
1705222
1703964
1705671
1466473
1689143
1702864
1624657
1693923
1718839
1716495
1707614
1710814
1709329
1264828
1716612
1717662
1701540
1647984
1713563
1715950
1710924
1705036
1709170
1712604
1712930
1713210
1459441
1608861
1643388
1687860
1715550
1717034
1717152
1712263
1700745
1716303
1707748
1717649
1717915
1690596
1587825
1713794
1706675
1704383
1546591
1705815
1718711
1705395
828410
1706276
1710678
1714471
1594535
1707246
1705870
1711093
1461755
1712697
1701838
1710593
1710960
1704332
1716132
1717176
1067583
1708337
1709405
1718335
1713649
1597912
1702461
1715846
1696696
1718423
1702996
1701582
1689955
1690275
1718190
1717711
1716105
1717559
1598315
1713524
1701624
783816
1710587
1692260
1715472
1713433
1585979
1712132
1711902
1714371
1716123
1603796
1700688
1699316
1716487
1711905
1718085
1368293
1716831
1716268
1712716
1713617
1718616
1715458
1713841
1713559
1715533
1713329
1713666
1644068
1704401
1665773
1709279
1716531
982706
1710702
1685054
1706513
1713734
1707783
904421
1707360
1678860
791731
1706801
1706464
1707541
1707734
1713920
1708376
1042788
1698608
1630899
566134
1702132
1708321
1702903
1682121
1715626
1716854
1697421
1706616
1151107
1709345
1717449
1645580
1715146
1717999
1718398
1715409
1701908
1686455
1717148
1718531
1710996
1716784
1623440
1716417
1698533
1685545
1589846
1713725
1165365
chuyen-vien-quan-he-khach-hang-ca-nhan-shinhan-bank-ha-noi-j1713228
1319706
1704397
1688488
1657104
1711492
1714603
1611404
1710737
1715474
1709687
1661979
1715645
1706121
1709205
1672871
1709909
1707022
1707132
1660897
1713004
1678642
1711378
1707665
1698980
1704793
1710851
1638253
1703746
1703843
1707615
1691081
1702552
1703256
1696599
1465832
1717488
1702017
1706779
942549
1676605
1685487
1710734
876747
1713694
1715331
1704685
1659036
1706127
1716604
1685804
1661466
1709120
1656625
1685099
1523138
1718302
1688065
1718017
1716829
1717671
1297044
1647244
1672530
1705000
1717397
1716687
1716079
1579591
1663428
1705018
1704595
1715261
1715560
1715440
1692997
1708365
1717126
1716136
1702110
1690658
1582672
1714097
1679529
1704430
1704696
1683494
1704434
1717012
1703119
1702346
1718319
1706139
1704428
1711367
1718043
1286199
1680365
1660741
1639408
1011423
1718627
1708512
1703094
1609316
1686406
1717197
1717753
1702814
1708796
1713815
1639998
1683572
1716775
1701787
1717732
1718503
1704201
1717082
1711618
1707291
1720027
1665838
1704855
1714326
1691688
1718307
1715483
1363172
1718763
1581849
1709806
1718582
1717606
1717927
1718351
1716879
1708844
1594018
1708829
1702354
1710314
1718196
1693905
1703072
1716583
1713702
1718824
1703215
1718686
1335875
1704754
1718559
1718012
1592626
1684294
1631963
1712491
1536557
1713839
1718248
1716999
1716996
1699718
1717815
1712862
1706263
1621988
1629921
1704769
1717833
1717625
1705722
1717232
1630660
1693494
1683168
1702517
1705808
1717331
1682786
1648394
1716638
1708191
1603600
1479321
1710853
1717357
1717620
1710801
1710253
1629237
1700219
1710874
1629283
1671561
1716073
1717618
1704876
1711773
1702986
1702764
1715661
1663653
1715253
1709324
1664313
1718362
1717495
1489677
1638712
1500846
1674359
1638733
1720809
1702250
1718672
1718040
1717917
1702724
1690818
1717540
1717312
1717219
1572897
1717019
1716940
1572716
1672770
1713395
1598866
1710053
1709334
1717565
1716457
1698083
1715060
1720800
1718078
1718724
1717940
1717674
1717701
1718680
1717360
1514346
1656653
1717587
1716481
1716631
1703758
1284197
1708587
1715962
1717173
1709357
1706131
1704526
1703870
1716320
1706447
1709328
1709372
1715746
1701982
1718455
1708433
1692702
1717016
1716941
1718450
1714697
1713280
1715782
1715551
1718444
1715193
1468366
1712707
1710205
1391015
1713764
1718280
1711278
1715197
1720749
1720479
1711445
1611286
1709229
1710352
1710565
1709295
1416520
1606286
1716380
1715115
1715595
1703724
1704232
1702610
1716061
1694069
1717309
1702146
1716971
1715881
1715508
1682539
1712989
1714727
1715799
1484357
1712020
1713233
1708437
1710306
1714788
1708424
1707876
1713605
1126365
1713042
1717236
1708734
1039679
1716547
1703149
1265068
1717295
1709930
1706756
1704287
1639328
1715563
1716722
1720608
698358
1717051
1629588
1605305
1717005
1710089
1718077
1716227
1712694
1706848
1707305
1714598
1659492
808563
1397313
1614791
1707764
1714068
1717459
1706482
1715680
1491490
1715116
1709292
1713944
1713306
1287817
1710634
1713234
1717047
1706231
1707953
1718393
1713245
1705186
1718316
1716838
1702409
1704302
1369112
1701861
1661555
1701822
1466359
632896
1712078
1717957
1713197
1716433
996523
1716234
1318781
1720593
1720434
1700314
1720448
1680049
1696118
1705417
1715117
1707923
1716847
1718491
1707751
1715605
1702791
1626813
1705442
1704110
1720513
1702671
1720498
1699912
1713712
1591569
1718502
1710930
1716873
1720345
1654851
1719569
1717049
1716045
1712733
664869
1711497
1705754
1392988
1720320
1720244
1629414
1702040
1714093
1720146
1720283
1712543
1719727
1659187
1164508
1720094
1718673
1481798
1720198
1717751
1711129
1712514
1718232
1717742
1716184
1719771
1719520
1720088
1704330
1716322
1716310
1716814
1683291
1716406
1712114
1716405
1715834
1715764
1716551
1715231
1716641
1714753
1713131
1719889
1719904
1720044
1707688
1715216
1715006
1715154
1707019
1714624
1717470
1713501
1713877
1713843
1715910
1713391
1713883
1713937
1713805
1337280
1713259
1713792
1713685
1719981
1715228
1713069
1713784
1705567
1712076
1713149
1716118
1713621
1713545
1714730
1710515
1719900
1717686
1708781
1713531
1716086
1713662
1707037
1710402
1717130
1718097
1709356
1713472
1707398
1712912
1714499
1713132
1716779
1712302
1717971
1719431
1709340
1710261
1716475
1716524
1707395
1716185
1718240
1715923
1715734
1715779
1704792
1715615
1706423
1710995
1712486
1715590
1715607
1708413
1708222
1714410
1715830
1716131
1716745
1711092
1712767
1707689
1715249
1715134
1715191
1705124
1707646
1714729
1706097
1710140
1715516
1714903
1716034
1713943
1708083
1712318
1712624
1647505
1707030
1713847
1713760
1715762
1713587
1706664
1705114
1711415
1713307
1713572
1715613
1716230
1713224
1709452
1710392
1713003
1711271
1713187
1712840
1712712
1712758
1715074
1715892
1704174
1712705
1706082
1704967
1712521
1712631
1718838
1718972
1719544
1719646
1717156
1660525
1710113
1711880
1705098
1701702
1713709
1711586
1708931
1710009
1704301
1711785
1705312
1713872
1711575
1704192
1713610
1711374
1702625
1712795
1703495
1707737
1710712
1709225
1715552
1703076
1713214
1710064
1710134
1702133
1703333
1554718
1710011
1709747
1713098
1702113
1715234
1704824
1709152
1709186
765912
1708740
1708885
1708776
1708440
1708657
1707914
1706168
1708028
1702100
1704238
1707704
1700778
1710601
1703733
1705414
1706894
1710681
1704289
1699986
1712669
1706706
1701756
1704927
1712726
1308266
1704015
1706349
1706439
1710457
1693248
1705256
1718633
1718646
1716309
1705430
1707763
1703605
1693126
1708135
1684053
1705290
1707660
1704139
1712627
1705049
1713446
1707705
1704663
1704056
1705694
1703833
1708716
1673397
1653419
1712499
1713346
1702554
1711446
1701841
1703741
1712994
1703259
1703783
1644422
1698132
1703392
1716484
1710441
1715984
1714414
1708073
1718130
1711743
1717723
1708069
1710552
1717345
1711585
1715662
1719724
1702066
1716946
1704856
1715895
1710862
1714787
1716945
1716803
1716364
1716261
1715653
1710487
1715501
1715546
1715559
1715303
1715246
1719026
1715137
1714574
1704282
1713902
1714255
1714341
1710075
1713320
1713399
1713211
1713248
1713005
1710008
1711814
1712791
1718367
1719650
1719728
1712695
1712346
1710218
1710263
1715692
1712243
1710004
1711871
1711748
1710022
1709073
1711504
1708576
1711310
1711022
1714507
1710804
1702733
1710808
1708336
1710478
1710318
1710102
1707189
1708574
1709958
1702674
1710099
1714239
1706741
1703622
1703335
1703577
1706458
1701169
1711628
1703286
1703288
1703239
1683680
1718158
1705307
1663404
1703575
1703953
1702911
1702587
1702573
1702403
1657989
1703229
1702155
1702297
1704908
1713918
1709540
1482523
1708406
1718841
1487852
1717733
1720056
1715358
1716366
1711186
1715582
1719006
1719282
1718851
1567306
1713198
1701916
1692987
1717340
1520686
1710437
1657078
1701795
1701941
1614735
1701401
1701408
1701069
1688597
1701184
1657405
1702070
1699103
1702607
1599469
1695467
1696216
1619469
1655990
1706132
1701949
1692698
1678453
1691594
1712336
1686672
1695352
1703243
1624887
1685813
1702319
1706089
1619871
1638679
1701778
1702099
1660706
1589618
1701848
1626273
1658216
1713858
1701490
1658708
1698958
1214211
1674837
1649766
1651253
1620928
1700045
1698914
1624119
1608118
1704879
1658892
1624179
1694395
1699941
1700784
1631640
1607225
1712163
1600533
1608238
1576297
1592909
1603121
1501471
608389
1703958
1571600
1662993
1712911
1694053
1585219
1696810
1566914
1719615
1691262
1504186
1712838
1624398
1702970
1704386
1542681
1711437
1500395
1709908
1576192
1621971
1419629
1458301
1598897
1627359
1709680
1709690
1670094
1692247
1712069
1430644
1451908
1534871
1664925
1599781
1362358
1711205
1702125
1590906
1398854
1687203
1352181
1707929
1708683
1719591
1336529
1707602
1264720
1707287
1707306
1406272
1709588
1207428
1706911
1687493
1671136
1577494
1670726
1686881
1453064
1705687
1706088
1593597
1465810
1170119
1705196
1705293
1550595
1517666
1476042
1225094
1704492
1704713
1719535
1719553
1387000
1591688
1667764
1704439
1702821
1705287
701632
1598203
1403683
1703972
1703902
1465963
1574855
1704359
1703809
1357815
1276532
1672496
1703897
1703680
1703582
1703786
1703326
1238204
1703273
1358956
1700756
1272214
1702943
1701805
1690846
1702789
1530408
1652512
1561990
1279780
1694919
1718684
1642429
1697757
1613335
1531936
1689074
1689839
1718774
1719483
1623452
1656194
1643891
1653451
1631933
1626649
1618669
1614401
1611388
1604057
1609173
1592136
1595295
1587923
1557790
1690957
1549897
1257450
1502596
1507827
1458623
1341887
1252603
1247689
1356171
1142340
1606664
1717936
693569
1719378
1678615
1719359
1438928
1719156
1719222
1719326
1719331
1457351
1719308
1719273
1719160
1719113
1717666
1718688
1719224
1719142
1717566
1719180
1718910
1719087
1702747
1709445
1707013
1708063
1708733
1710614
1710865
1710157
1708703
1708447
1710422
1707653
1709399
1719073
1719071
1709072
1708926
1702966
1708610
1714163
1708571
1718966
1605956
1705131
1709897
1701382
1702691
1705123
1705427
1632476
1702715
1719030
1713396
1702097
1704074
1703466
1715672
1710000
1707851
1710611
1714514
1702464
1708378
1703346
1449170
1715845
1654740
1649849
1595279
1702470
1686997
1701961
1702361
1710301
1661559
1710105
1718979
1637206
1514443
1374721
1672753
1681825
1718803
1715534
1717997
1630198
1637513
1495623
1688278
1034233
1618831
1715719
1684626
1417349
1718957
1615742
1664861
1625942
1701810
1711720
1269260
1717983
1714419
280455
1666448
1120894
1495139
1718116
1639386
1700609
1700452
1695496
1701361
1701131
1700906
1655200
1690867
1662341
1710082
1705633
1708359
1718705
1710562
1710345
1706519
1706629
1706948
1706577
1710056
1705240
1706493
1707859
1705490
1707624
1706178
1696859
1706679
1706063
1710661
1683481
1681353
1587024
1708260
1713676
1713832
1707696
1706626
1706738
1707840
1707893
1706497
1707040
1707680
1706103
1713351
1707393
1706024
1712578
1693725
1705108
1710124
1710403
1653523
1705685
1706491
1708043
1702848
1707600
1707841
1698996
1703675
1689407
1704665
1698551
1706260
1656262
1656244
1600765
1603511
1705173
1641052
1609296
1695954
1418190
1375056
1705682
1287897
1622164
1492432
1669613
1536720
1604758
1713651
1699348
1699224
1695863
1698698
1699438
1521008
1691084
1699415
1591152
1637927
1699190
1700288
1692341
1699153
1699578
1699522
1697887
1693813
1043033
1713536
1648066
1701044
1709353
1707263
1169729
1007782
1705026
1713287
1709901
1707008
1668378
1622155
1709641
1714338
1712659
1709795
1708584
1706719
1714310
1709188
1709710
1709195
1707940
1665473
1708012
1708830
1708773
1700970
1708519
1708324
1709350
1707909
1695401
1390934
1697151
1680656
1697233
1697243
1693172
1652498
1698051
1697176
1697969
1698084
1697992
1695874
1698769
1692029
1696844
1697467
1675453
1697085
1698438
1473871
1374343
1696096
1599317
1697423
1697811
1693147
1698367
1697616
1697440
1697799
1696601
1696592
1486071
1614033
1705656
1706370
1706066
1713209
1713965
1707105
1706547
1705300
1706815
1705126
1705230
1707968
1706129
1705965
1705422
1705858
1706099
1705929
1706503
1708246
1705252
1707276
1706237
1706025
1705148
1705647
1704272
1705848
1627943
1706776
1706170
1705410
1669225
1630690
1682161
1566328
1705649
1706752
1705791
1623670
1670207
1674345
1699066
1177532
1694737
1665933
1695585
1694993
1696458
1669064
1697060
1695166
1670158
1652791
1694438
1695509
1691489
1696963
1576541
1695080
1696729
1695804
1695512
1072176
1694353
1695580
1593550
1693413
1695091
1694008
1693602
1441643
1693443
1692385
1693405
1693669
1693619
1614828
1649223
1694038
1693644
1671673
1671681
1693613
1693570
1640505
1693087
1695211
1693354
1612621
1691937
1692701
1692235
1692372
1692522
1626885
1690913
1690616
1661437
1661479
1692667
1692201
1690806
1692105
1692232
1693010
1487774
1693314
1690778
1690831
1688739
1614056
1691458
1691455
1296240
1691197
1690674
1689935
840295
1690438
1501108
906150
1690174
1689787
1690026
538100
1689755
1667995
1662289
1689079
1492703
1688888
1634602
1689434
1626365
1690012
1689504
1659576
1689569
1690212
1689098
1665657
1689119
1690659
1690609
1390769
1689148
1690523
1688515
1689005
1688826
1689950
1688455
1690762
1688112
1689566
1667906
1684156
1687714
1687566
1687423
1687864
1680304
1687084
1665297
1687549
1678784
1502424
1687198
1688959
1686822
1687728
1674144
1688514
1688024
1658683
1686428
1687378
1686788
1681800
1688366
1682542
1688357
1688377
1687089
1688652
1687302
1662147
1665409
1660017
601450
1684898
1661936
1686104
1680114
1686910
1685872
1685973
1677114
1685735
1686302
1686335
1685578
1117215
1627803
1685061
1685596
1686265
1685286
1684820
1607289
1705859
1643780
1684341
1683685
1684682
1685223
1684364
1660982
1684070
1683796
1514329
1409811
1684592
1682329
1683810
1683847
1683780
1682382
1656150
1657678
1657626
1641271
1288609
1614040
1680568
1680592
1360827
1682784
1683121
1387244
1682541
1682967
1668397
1682557
1682884
1657927
1679956
1681687
1681878
1681150
1659392
1681734
1233947
1279771
1680010
1608306
1679761
1679045
1585398
1602005
1609366
1676103
1688700
1642037
1624876
1502078
1716972
1717561
1651683
1487590
1716049
1713350
1713946
1688228
1705253
1708008
1256647
1709979
743626
1717774
1703240
1704210
1578247
1686136
1710710
1705584
1717446
1703200
1717255
1716420
1666776
1601341
1702583
1715304
1533161
1202332
1697254
1698200
1414767
1706291
1720824
1717974
1383101
1626693
1705107
1648948
1708438
1362961
1493478
1703931
1718882
1718812
1702086
1677887
1597538
1475196
1718150
1711917
1711970
1489394
1712467
1710229
1710017
1718556
586052
1651939
1674038
1705454
1704850
1707035
1118279
1708521
1702626
1715299
1478313
1706283
1717168
1717887
1717320
630941
1702130
1714020
1611383
1718149
1584006
1712431
1707119
1714970
673410
1717935
1703505
1455382
1716645
1692031
1183508
1703012
1716176
1278505
1715250
1715319
1717821
1713894
1708912
1568194
1679131
1712876
1711821
1664587
1709725
1571242
1496485
1681213
1591639
1710016
1715365
1708687
1711044
1718168
1710001
1705799
1339870
1286436
1716862
1714893
1703666
1686998
1667183
1689071
1707942
1519753
1427437
1702431
1696827
1718849
210305
1663758
1052989
1674772
1717214
1717144
1714225
1116383
1713636
1707817
1702604
1591779
1711904
1710014
1690573
1414558
1704399
1326095
1708248
1702684
1670946
1713506
1706785
1704313
1657285
1703210
1701792
1703161
1652897
1398175
1531243
1710443
1708049
1710015
1716907
1720738
1720717
1715388
1720731
1708066
1636267
1701398
1705199
1691844
1352972
1648338
1720574
1702363
1710969
1659795
1651790
1532217
1720605
1491207
1667388
1720532
1720447
1720429
1720487
1715315
1698489
1702021
1712286
1709935
1720225
1663609
1716451
1719928
1719975
1702808
1646053
1696334
1700919
1620737
1720302
1585170
1715880
1720211
1720160
1719962
1720074
1719859
1585261
1719846
1719833
1719725
1468137
1719769
1719776
1719705
1719629
1719659
1719665
1719643
1719500
1719429
1719364
1719401
1719370
1719236
1719304
1719228
1719200
1681565
1633903
1663575
1718998
1586248
1591037
1699860
1643643
1703544
1698368
1624012
1643568
1710965
1709117
1354321
1705599
1689318
1710114
1716605
1716848
1702475
1716046
1716624
1715240
1716649
1479801
1512490
1599948
1713387
1712019
1716050
1716431
1715268
1716592
1710211
1661561
1717411
1718087
1694140
1365155
1607166
1715375
1717856
1717806
1717807
1465208
1717670
1717615
1717481
1717506
1717468
1717429
1717273
1667187
1717240
1641293
1710603
1701288
1708573
1688404
1655224
1701881
1711509
1686047
1710525
1705714
1707866
1583292
1640023
1700230
1671428
1705428
1703188
1716880
1716878
1662094
1716824
1716561
1716226
1480048
1716018
1716038
1662946
1571974
1715545
1715468
1714672
1686102
1703047
1714917
1648823
1538040
1709119
1714715
1701237
1706989
1688998
1701912
1710104
1712449
1571613
1613736
1597562
1703096
1702549
1673312
1694428
1616468
1682029
1657273
1714122
1714902
1713900
1710703
1702507
1713895
1352574
1710404
1713908
1713640
1594122
1712701
1529782
1709474
1711735
1711193
1664700
1711062
1598232
1531717
1546752
1400544
1658079
1710161
1709943
1589253
1708944
1505093
1709476
1708945
1707781
1708620
1666610
1304967
1253559
1651349
1707445
1707333
1551587
1707211
1706907
1706470
1706405
1319799
1705697
939466
1705821
1705802
1705741
1705527
1062144
1591403
1705311
1705317
1704911
1705067
1657235
1704802
1703909
1704209
1659544
1663895
1675705
1663239
1703464
1702881
1703380
1308503
1644105
1572175
1607922
1661062
1702180
1701394
1604955
1687340
1658319
1526716
1598950
1701707
1580022
1485381
1120131
1700838
1699942
1700327
1443254
1106503
1549379
1695665
1692821
1510794
1123718
1690557
1690545
1689525
1688578
1417700
1580976
1686085
1685384
1682240
1547611
1675763
1674647
1629641
1673302
1671017
1624963
1699235
1658231
1707267
1707034
1705401
1588764
1705693
1712217
1690872
1588742
1708522
1707098
1706188
1685530
1387483
1682576
1708141
1554975
1602790
1704021
1632904
1693931
1702408
1664054
1676933
1602537
1702225
1702094
1171265
1696187
1639991
1578510
1718875
1705663
1566569
1688531
1685880
1078376
1484589
1699139
1690397
1404730
1689862
1684075
1709895
1673157
1684948
1566053
1644779
1703912
1435787
1677539
1694453
1687055
1539149
1718622
1606273
1681061
1603485
1665888
1679855
1705195
1676993
1675492
1712757
1699712
1606481
1559517
1297661
1678695
1661195
1637033
1686749
1552276
1604286
1716706
1674402
1689675
1690902
1660008
1120409
1692046
1667144
1689392
1663248
1638949
1486420
1677750
1685455
1380840
1659080
1702049
1702612
1720483
1719996
1589159
1517098
1719706
1674401
1576561
1719237
1719173
1719148
1666943
1367167
1717383
1621176
1659533
1717362
1716179
1678163
1239753
1719340
1668700
1297295
1714393
1719341
1445811
1640190
1718497
1680373
1718235
1719343
1657274
1621521
1710136
1715994
1718223
1503606
1683015
1447729
1719350
1678304
1703785
1520161
1621836
1719368
1588540
1716220
1678222
1715579
1633444
1306976
1349681
1683136
1528426
1043132
1715980
1719726
1716956
1526114
1702478
1717244
1719749
1526182
1668133
1715777
1719332
1717235
1664181
1682805
1717526
1717258
1719334
1662985
1716686
1717254
1719413
1403361
1717261
1679992
1606622
1717265
1510308
1675719
1035141
1719274
1702805
1719283
1647072
1419431
1717604
1586958
1316257
1715297
1406876
1327404
1715323
1719279
1716840
1717272
1476141
1705613
1670259
1697949
1515526
1719299
1718794
1719295
1716608
1683111
1581798
1604000
1552747
1719297
1695566
1717283
1080851
1637136
1717298
1636444
1719305
1679324
1143301
1629642
1673252
1716539
1063442
1718229
1713592
1705669
1719322
1715639
1681426
1713141
1717926
1717426
1657488
1704246
1591665
1719465
1719503
704185
1628325
1621296
1719644
1719531
1621088
1715869
1664744
1611990
1677697
1716778
1681748
1719621
1711384
1717200
1153059
1271901
1664480
1717162
1717513
1412336
1682746
1716966
1589585
1717268
1619207
1717198
1716528
1717206
1675214
1718694
1586314
1717207
1339334
1677306
1717211
1717202
1629115
1634866
1534893
1717224
1592036
1610264
1681847
1717681
1712788
1684203
1481066
1686610
1715223
1712316
1323945
1718103
1356588
1719259
1420513
1718625
1660298
1611458
1713955
1716077
1655358
1717174
1719266
1718795
481806
1674958
1661972
1711315
1172783
1296231
1154113
1681406
1713573
1717179
1674960
1637124
1609241
1717175
1695022
1450709
916476
1443771
1580838
1708050
1716856
1704923
1702877
1716852
1607006
1688544
1458214
1718521
1659326
1706959
1333950
1710744
1718067
1717596
1716543
1717531
1717515
1717519
1360615
1719137
1553943
1719145
1717216
1717112
1145959
1719161
1715711
1716357
1719167
1719152
1718380
1657706
1719166
536244
741508
1715485
1715463
1719159
1715338
1611700
1603139
1719170
1716469
1618311
1717137
1719176
1561862
1619542
1717141
955169
1710031
1712778
1544291
680022
1548929
1708183
577755
1716090
1144797
1713578
1716139
1109516
1063996
1656185
1717149
1621063
1717150
1719192
1618897
1719201
1665402
1508066
1649412
1678685
1717630
1719209
1578320
1695497
1695719
1682857
1717161
1719211
1720052
1475326
1680960
1720021
1719104
1627937
1371018
1679527
1712255
1643041
678126
1717329
1715241
1676931
1717904
1716886
1714593
1716044
1717237
1718059
1618523
1717952
1715385
1595030
1719116
1651371
1673834
1657336
1585612
1683019
1719121
1711954
1461450
1717075
1612027
1592364
1668725
1652138
327518
1668691
1266449
1711884
1717086
1717081
1651839
1603965
1719128
1709775
1712597
1416027
1405439
1111136
1548718
1715887
1712689
1527274
1681486
1503094
1393566
1656567
1714539
1714524
1374874
1717091
1621442
1586312
1719972
1714160
1719082
1225859
1624666
1676869
1719080
1681688
1717095
1714021
1715443
1693326
1717092
1676528
1442105
1717100
1717816
1713716
1717841
1713442
1436640
1718425
1713327
1717875
1718638
1719086
1713103
1526732
1719760
1719933
1712826
899038
1526825
1712638
1717894
1712603
1712596
1691645
1712489
1659753
1712386
1671514
1654549
1712457
1715476
1712319
1712187
1716892
1369143
1717797
1671149
1715883
1664389
1717038
789827
1719035
1717026
1681701
1711930
1711835
1718528
1709247
1662884
1716342
1716235
1717579
1660494
1711736
1719042
1719044
1650934
1717027
1597746
1711261
1683203
1711276
1674609
1488083
1711247
1707785
1711198
1565301
1711095
1481133
1711049
1713786
1719055
1543718
1710955
606399
1668836
1719049
1718345
1619759
1677022
1676249
1717044
923420
1710832
1678136
1717045
1710820
1719061
1716917
1677351
1300844
1710700
1670007
1710599
1705078
1556209
1710537
1715293
1715898
1717048
1713707
1611667
1638642
1710336
1710335
1529326
1341262
1719069
1717060
1639152
1473915
1717066
1445908
1719075
730686
1719072
1513333
713767
1714612
1688957
1718847
1709925
1707587
1709799
1709739
1211858
1695854
1709605
1708820
1719741
1719723
1714764
1660673
1717962
1712828
1709484
1650229
1708651
1719924
1709254
1609182
1707493
800989
1708911
1719891
1155998
1717011
1709029
1682819
1671216
1548835
1708705
1718997
1715732
1717009
1708422
1713624
1296880
1677768
1662251
1708472
1707416
1718996
1708558
1686714
1719008
1688630
1717760
1618396
1708523
1718174
1718995
1708373
1664595
1717601
1707712
1677743
1715641
1717024
1708108
1637086
1679001
1478083
1665133
1707904
1652422
1647257
1707857
1718736
1589020
1637096
1706669
1719016
1714959
1719011
1473820
1533035
1719022
1717676
1555628
1707522
1718908
1719021
1707564
1626937
1719689
1649783
1716680
1492308
1719682
1707339
1710274
937169
1662938
1627275
1717006
1719369
1662387
1715502
1615691
1707181
1603031
1682841
1717772
822174
1706887
1685612
1659876
1714133
1651271
1636548
1276990
1715314
1436962
1717000
1675714
1706834
1706811
1717001
1053050
1706794
1715902
1718734
1706725
1705891
1719678
1570540
1706586
1703162
1717043
1579335
1706510
1706504
1717632
1612828
1465610
1582574
1657625
1714114
1713909
1705646
1502395
1670574
1717576
1717492
1677801
1667175
1559727
1715399
1706107
1706056
1706081
1705712
1592213
1641487
1718968
1209780
1705850
1602773
1466514
1718549
1511685
1373636
1705836
1705828
1360425
1360417
1220417
1250347
1718970
1705747
1447167
1367145
1705708
1568184
1477326
1640692
1718396
1133585
1260944
1636927
1561935
1716563
1718980
1718655
1718975
1527112
1677101
1705305
1648798
1684718
1704755
1704507
1718318
1666351
1718636
1705303
1195979
1705261
1705257
1705210
1434183
1524738
1445336
1562960
1411659
1629591
1717326
1705013
1704948
1719631
1713541
1704880
1717257
1670506
1717201
1719823
1597590
1700437
1704644
1717077
1716667
1717169
1704633
1613332
1717928
1575145
1716173
1717827
1718954
1704344
1460584
1713901
1703892
1716195
1704531
1585214
1650134
1718958
1123873
1704012
1718706
1620794
1717796
1704229
1716435
1599665
1717225
1717250
1703824
1703762
1517435
1703696
1656494
1703494
1702417
1305786
1703580
1703501
1699472
1717761
1717586
1717611
1703480
1419941
1717699
1618234
1579975
1703419
1703400
1534190
1703383
1627579
1571360
1703305
1703310
1703331
1703231
1703311
1718948
1701496
743691
1719512
1702905
1618255
1640087
1702927
1715010
1702797
1426765
1718659
1214473
1673590
1718950
1718951
1715343
1642748
1521055
1702688
1717131
1683233
1614142
1717164
1595426
1618789
1510371
1147345
1660414
1702634
1702505
1566061
1702425
1718961
1546737
1665874
1705999
1702341
1273053
1719489
1702345
1621627
1660776
1706935
1715673
1702273
1701785
1719381
1648442
1702103
836399
1660724
1716950
1701947
1606342
1719383
1716963
1701803
1719389
1635197
1719371
1719346
1701763
934842
677610
1701732
1716975
1701105
1719323
1701119
1682103
1719317
1422166
1719324
1716981
1638758
1716980
1719734
1489164
1653221
1713639
1206961
1240874
1716988
1716990
1564327
1716373
1085784
1671524
1717079
1698125
1719268
1719233
1472935
1719251
1670204
1716569
1701539
1701535
1719700
1716820
1716827
1588196
1719675
1602212
1716828
1719047
1719667
1557873
1719663
1716834
1716836
1713613
1622423
1719204
1719207
1671012
1719163
1665224
1592047
1719158
1718005
1662714
1714081
1412031
1654733
1717094
1713844
1485331
1466710
1676203
1611298
1649973
1697908
1719607
1697521
874358
1716866
1697384
1718884
1646936
1719090
1695549
1119513
1695360
1719597
1619892
1694895
1716912
1623421
1631583
1105491
1692185
1613543
1719472
1472024
1638519
1445229
1494325
1672476
1691174
1688867
1716906
1716888
1716921
1368483
1663997
1111464
1716929
1628227
1403066
1719063
1471277
1205615
1689385
1123005
1064363
1117124
1716914
1716923
1719527
1633685
1442071
736690
1719256
1716939
1687425
1457986
1717365
1686408
1480581
1655548
1719461
1718363
1685479
1388189
1685285
1718984
1715820
1547516
1716651
1655164
1672503
1682535
1716735
1287606
1655183
1587370
1716692
1716588
1716691
1442541
1716726
1602812
1676263
1716725
1681055
1465160
1719386
1618685
1719387
1607096
1646565
1718959
1504533
1716615
1350096
1720812
1716623
1719800
1720810
1716710
1716703
1719219
1597174
1716795
1564696
1716756
1708417
1718415
1718467
1706563
1716786
1719497
1719812
1718159
1456624
1720338
1716754
1716401
1720373
1716471
1713318
1679166
1717042
1720666
1720680
1679423
1715891
1674195
1537983
1719287
1716582
1716789
1719302
1714934
1718189
1719272
1717860
1658802
1644232
1029686
1718086
1720835
1046054
1719801
1719037
1595918
1714869
1720796
1714303
1720801
1578928
1595409
1718645
1620554
1718459
1716689
1716352
1631751
1450120
1699672
1720792
1636835
1718773
1720787
1717020
1718780
1717479
1661082
1718791
1718810
928200
1720781
1718696
1716201
1387433
1719155
1720774
1682070
1631424
240631
1713569
1720776
1720783
1718068
1719138
1718978
1717882
1720845
1305570
1717665
1717133
1720762
1720769
1602753
1719099
1719094
1720768
1573656
1688820
1720756
1593166
1716610
1718869
1708210
1586709
1720743
1717511
1714387
1292683
1716228
1719345
1365306
1462114
1717306
1715731
1426520
1133139
1472606
1566890
1719358
1715052
1366720
1009882
1717311
1410810
1265605
1706006
1719356
1676762
1717256
1624030
1572361
1408238
1719275
1717278
1719271
1713550
1139553
1713751
1586981
1665630
1687085
1719284
1653927
1719290
1717287
1717687
1678393
1518186
1638663
1370650
1682783
1485537
1719306
1403358
1719330
1717297
1716560
1713632
1676938
1717900
1448293
1720192
1719582
1709021
1717518
1681473
1720186
1642964
1678932
1720166
1717189
1643119
1700891
1710147
1295023
1363664
1644900
1652748
1716470
1663920
1471408
1719241
1680227
1673576
1718328
1602724
1676594
1701533
1719255
1214184
1716513
1717705
1589652
1719265
1717721
1674593
1237571
1681403
1270466
917529
1719261
1719270
1548546
1719218
1719225
1715735
1685894
859523
1637584
1659973
1331342
1719622
1719147
1592834
1611478
1719151
1631468
1715926
1633757
1718376
1693534
1182845
1621019
1719162
1684450
1714218
1681300
1712332
1719171
1717654
1710648
1653323
1482400
1679298
1719183
1717128
1707535
1716627
1717143
1719178
1716567
1717132
1530621
1719191
1719186
1531916
583420
1719210
1391644
1636213
884842
1617661
1716009
1579320
1668078
1661435
1717155
1715222
1714015
1697486
1718690
1635961
1719098
1545397
1347795
1719122
1718034
1717400
1683081
1685460
1636852
1712917
1499641
1716374
1718912
1717083
1719974
1717089
1406324
1717099
1280724
1709498
1654520
1667919
1712443
1513279
1682586
1710080
1718813
1719091
1667467
1714322
1618079
1717070
1371512
1494727
1714969
1716243
1501853
1100952
1719034
1572793
1454131
1696461
1673378
1717031
1643875
1709582
1714938
1690563
1717030
1703393
1719040
1713720
1646665
1592692
1631152
1714464
1337951
1658204
1534415
1715786
1715329
1425616
1609840
1715322
1384629
1713159
1713693
1717003
1611692
1713058
1714936
1297951
1631687
1716809
1648329
1666321
1716348
1647403
1719744
1710866
1712953
1718943
1719538
1681131
1159088
1717010
1680909
1623533
1602922
1457847
1709278
1188397
1634976
1716211
1718999
1711004
1717015
1503428
1718136
1682768
1710871
1671931
1657925
1677292
1710448
1575981
1718304
1717595
1443132
1719018
1717934
1719013
1716125
1636804
1710199
1562780
1719768
1710120
1718341
1719762
795386
1709507
1717004
1709487
1718987
1709479
1109083
1718990
1682799
1718262
1579985
1282181
1290598
1717679
1677291
1539180
1670585
1086474
1719672
1632053
1708477
1719729
1708524
1708178
1718436
1708332
1718960
1713575
1717525
1707969
1551560
1408578
1716160
1481311
1717551
1480643
1715210
1707279
1717908
1707555
1707448
1718772
1210331
1717370
1626709
1367196
1706528
1718976
1435015
1718498
1718977
1718779
1717689
1316635
1717308
1706433
1717178
1717530
1706069
1705933
1626685
1626725
1614422
1718881
1705692
1639799
1581028
1717263
1489048
1717289
820257
1705431
1716525
1715536
1715742
910427
1716460
1667189
1577627
1379666
1242590
1714014
1414705
1502558
1716043
1714196
1717301
1650468
1717938
1717826
1662038
1664463
1717140
1703691
1716486
887363
1704355
1717660
1717417
1705945
1661414
1215583
1511505
1716955
1702416
1703321
1703272
1716953
1651923
1631467
1702728
1716978
1716984
1702710
1719479
1702632
1466015
1716991
1716121
689587
1645528
1660396
1719400
1715991
1716793
1717136
1584113
1702358
1714061
1360317
1716825
1716843
1625935
1647289
1658380
1082374
1716849
1701710
1719242
1716857
1719244
1716867
1719234
1716884
1613318
1716864
1718490
1553608
1716904
1701569
1716889
1719168
1069003
1665105
1716957
1715821
1630077
1683164
1717475
1698699
1701207
1719537
1679558
1716584
1716736
1719025
1716730
1323223
1716704
1719052
1719074
1719054
1719045
1699188
1677481
1716797
1716751
1717145
1716777
1530315
1655085
1717557
1714169
1716477
1634820
1719430
1694921
1448472
1648295
1089089
1596487
1593387
1637973
1719033
1320513
1543550
1564584
1688923
1687805
944024
1581015
1034364
1375518
1569942
1683628
1551291
1415383
1634442
1718698
1716718
1719182
1130538
1717823
1662698
1675800
1394299
1644534
1670010
1702771
1667797
1719638
1720808
1562141
1635336
1718778
1716663
1718785
1720803
1713567
1717325
1720034
472075
1720613
1720638
1679945
1508834
1659318
1366523
1719089
1719088
1720514
1716599
1676005
1389204
1672859
1720119
1716562
1716621
1720265
1716670
1716688
1426423
1596935
1716678
1404965
849903
1605948
1718727
1643679
1716644
1607769
1534793
1654007
1719777
1719362
1717310
1507370
1719354
1715915
1347396
1719367
1719365
1243893
1713335
1717876
1678318
1716174
1571316
1450069
1705803
1718617
1705259
1719374
1717241
1641104
1716294
1714855
1717259
1717914
1715242
1551130
1717277
1717269
1450978
1088365
1717274
1406867
1169184
1719316
1719318
1719540
1619538
1719449
1026661
1674278
1718173
1719230
1716752
1717558
1717545
1717588
1717569
1674649
1716977
1341230
1717186
1706156
1717185
1719238
1444848
1719254
1353100
1576098
1707137
1719248
1441987
1559563
1717748
1719262
1681373
1505146
1432027
844330
1605748
1719143
1718095
1675188
1025832
1681693
1601147
1707848
1717180
1674745
1715987
1716479
1717594
1631302
1719187
1707313
1678366
1676970
1719208
1683189
1719914
709338
1679299
1719105
1719097
1717124
1716537
1304163
1479408
1717139
1705138
1581502
1679698
1705907
1717151
542767
1715567
1665416
1716508
1640195
1685975
1711155
1708503
1717163
1718570
1658165
1711511
1717172
1717170
1719753
1718614
1719084
1717080
1697095
1717084
1676300
1719095
1681804
1715274
1447159
1719000
1716459
1673010
1717068
1719041
1716760
1359667
1719046
1630009
1496773
1708394
1671311
1550422
1717035
1716237
1719076
1706087
1503897
1717050
1717056
1709026
1637567
1709457
1717054
1718548
1718501
1576225
1714921
1717555
1717950
1714701
1568682
1715849
1589375
1711761
1715855
1573813
1715606
1717722
1717728
1666267
1714241
1665947
1714090
1689576
1587375
1332983
1671454
1382998
1707016
1712945
1442340
1535687
1414581
1712081
1712170
1691948
1711807
1711219
1717381
1389757
1717343
700724
1666551
1710546
683834
1718955
1710378
1715535
1717356
1566255
1072359
1678934
1717790
1717801
1717251
1717260
1717290
1667138
1663559
1672090
1707273
1464790
1707710
1707335
981347
1719509
1718057
1331501
1706949
1592615
1716965
1713544
1706554
1706257
1666114
1719484
1705031
1716833
1716844
1147282
1136229
1716860
1433472
1548921
1525718
1719253
1719235
1455576
1656162
1577347
1704743
1622407
1704467
1716700
1704208
1704047
1716744
1703440
1703434
1587521
1719546
1715644
1719010
1719457
1717878
1701680
1590456
1716690
1587376
1514915
1648175
1562916
1679854
1719344
1716734
1424806
1713542
1700578
1712748
1678643
1719188
1718687
1716684
1718768
1719153
1674354
1716749
1677243
1578366
1566124
1719062
1716813
1674780
1606046
1717855
1642801
1718708
1677624
1698873
1698197
1697171
957634
1600455
1718037
1623479
1650843
1456721
1681537
1648199
1384670
1709403
1674724
1718817
1720828
1720805
1542903
1714031
1671458
1718412
1716598
1718685
1718712
1716716
1716823
1715198
1716660
1720778
1720771
1657468
1596357
1394548
1666458
1720773
1565533
717382
1626385
1626453
1716800
1515673
1718104
1720745
1720748
1718063
1472257
1720737
1716556
1718016
1718952
1320118
1520315
1716637
1717932
1568672
1716611
1716572
1718937
1328200
1718940
1720423
1720412
1718935
1718939
1716801
1715575
898664
1327605
1673490
1675350
1718523
1718928
1715599
1718927
1632720
1714629
1654137
1064273
1720408
1716559
1720428
1281979
1413896
1720361
1674384
1586828
1719165
1717590
1257725
1528098
1587513
1716603
1716594
1720456
1718911
1720442
1716596
1340918
1149469
1380081
1718906
1269448
1720441
1441080
1716715
1716761
1353505
1716766
1700394
1718702
1681046
1453918
1720465
1278988
1675364
1611608
1718710
1718713
1716768
1716798
1636829
1715831
1402273
1720460
1661426
1717280
1658794
1720464
1498703
1720455
1720473
1718723
351616
1720472
1499950
1720478
1605474
1711039
1719564
1720486
1720494
1718728
199833
1718731
1719568
1432350
1377537
1720492
1403018
1634502
1716521
1717116
1599755
1676107
1716505
1525337
1716498
1673420
1716500
1719613
1718747
1718750
1720524
1716519
1718742
1482615
1717199
1715464
1720515
1680219
1577113
1720512
1151043
1279950
715184
1560221
1217877
1667077
1718758
1716199
1604911
1716317
1718788
1716315
1615720
1718789
1718786
1720545
1677279
885933
1716369
1718770
1718781
1481908
1666667
1718784
1703366
1528817
1716334
1577399
1622253
1720557
1552992
1716327
1525483
1718798
1716333
1716440
1720550
1595108
1537650
1603727
1720560
1207643
1349867
1720576
1716445
1718802
1706890
1718076
1720570
1712247
1094310
1720582
1294064
1559086
1442731
1718825
1718808
1716655
886674
1718827
1715643
1641136
1461306
1677828
1717245
1481573
1717698
1720575
1717102
1690249
1718049
1718843
1720619
1668850
1716304
1716307
1716321
1720604
1720617
1720615
1720596
1603647
1628326
1337528
1716496
1717395
1719532
1717678
1716411
1568639
1560593
1718846
1693451
1457486
1718856
1305352
1718853
1718862
1609149
1718864
1672306
1716530
501578
1655217
1345509
1720628
1437523
1585804
1714633
1586193
1720635
1720634
1623356
1397140
1629794
1716625
1352216
1320082
1414852
1720656
1720646
1187651
1720651
1716523
1708288
1629742
1720649
1718883
1677396
1720644
1718867
1638486
1720662
1655367
1610081
1647925
1275180
1548134
1718890
1164506
1716527
1718893
1651559
1716819
1454156
1716846
677930
1718900
1720664
1717644
1716416
1560599
1718897
1716421
1461692
1626567
1720685
1716300
1676343
1716443
1678741
1701000
1700991
1716466
1689594
1720687
1720675
1720681
1363362
1716463
1720674
1716462
1564219
1720709
1716482
1700964
1700804
1716447
1670411
1682794
1422121
1679009
1716510
1701140
1700737
1716488
1699650
1716497
1711834
1698851
1720708
1574950
1701269
1566442
1716493
1700938
1700691
1700348
1676939
1625384
1674537
1700302
1675923
1471495
1700979
1677201
1716802
1678925
1358136
1586912
1602288
1592389
1677947
1716355
1716361
1582525
1463099
1530938
1716014
1435148
1645502
1716381
1620560
1384326
1675544
1009865
1716403
1720578
1671999
1680532
1678891
1677213
1565708
1669581
1521427
1632269
1716407
1487566
1716377
1465552
1718132
1716432
1716541
1718125
1716747
1716250
1531903
1676941
1718135
1716302
1716306
1718147
1618420
1716311
1616873
1720430
1716312
703149
1663661
1600865
1453546
1671642
1718151
1618833
1712506
1717803
1716089
1715659
1720393
1646121
1682183
1716109
1389124
1718165
1718163
1612576
1718160
1716149
1718167
1680253
1613081
1717218
1720392
1716108
1655207
1720798
1720358
1718199
1716683
1720359
1720367
1716412
1720364
1720369
1713443
1718179
1716288
1716047
1720376
301476
1501767
1272544
1713144
1497835
1713061
1714475
1678403
1665481
1525582
1689036
1470270
1716071
1655439
1716187
1507954
1719032
1678865
1610584
1718203
1720384
1718224
1718221
1604478
1676757
1720343
602745
1680844
1719321
1720349
1716265
1716233
1717307
1720287
1124072
1720282
1254519
1718192
1716181
1718247
1716229
1720286
1718241
1716183
1720284
1717622
1654610
1718244
1718242
1713516
1716096
1716064
1720299
604397
1674470
1718256
1720289
1717359
1717115
1720291
1673382
1711576
1720295
1505075
1716103
1718259
1716785
1552120
1718249
1631126
1397222
1530914
1588029
931381
1720304
1630991
1719338
1418960
1719353
1631995
1720307
670564
1679579
1680226
1596453
1718265
1718285
1720308
1706924
1717778
1717248
1716196
1716246
1635437
1716260
1682035
1578627
1716154
1717322
1716186
1720319
1718279
1718313
1720327
1643129
1718303
1713450
1564095
1718300
1718301
1716152
1717159
1717262
1639432
1669703
1720323
1716257
1716244
1720321
1720281
1601641
1718333
1720317
1716255
1718332
1360553
1396064
1716143
1668865
1716203
1716209
1591913
1547491
1655034
1634830
1561212
1497091
1720243
1720241
1717222
1712643
1630150
1718355
1718346
1677183
1716236
1718354
1720263
1716145
1720256
1718353
1717672
1580181
1718343
1554009
1720252
1536131
1718358
1716224
1718347
1716264
572567
1600529
1594149
1600082
1715986
1720275
1715990
1716005
1720278
1660467
1720277
1390008
1716003
1716011
1720245
1633776
1718374
1037720
1715948
1715957
1669624
1717463
1718392
1720227
1720228
1652664
1712629
1715967
1593303
1620134
1720229
1333020
1714979
1718387
1718377
1714851
1715882
1717382
1408264
1576093
1469723
751574
1462037
1717386
1363753
1488754
1718390
1715888
1715917
858022
1715896
1479459
994789
1715897
1718419
1718410
1715936
1718424
1720189
1720181
1720177
1715943
1720178
1720176
1672326
1715082
1661841
1718395
1715942
1715924
1720170
1720171
1717591
1720180
1718437
1714676
1579376
1374384
1535129
1720193
1718426
1720197
1720204
1650602
1715979
1715978
1672298
1715971
1715968
1672267
1603356
479641
1718434
1501334
1715999
1678821
1716881
1715988
1715927
1712314
1714362
1718445
1718458
1715995
1665836
1036754
1720221
1715114
1566161
1718449
1717125
1720222
1718457
1720752
965848
1668109
1681936
860287
1668217
1715953
1718470
1720114
1718477
1541500
1715954
641594
1720109
1276424
1661823
1718478
1718472
1718469
1718486
1720101
1719154
1720105
1718500
967025
1715889
1710581
1718489
1718488
1720132
1718485
1720135
1715908
1718493
1246634
1489615
1718505
1715956
1134238
1558075
1715430
1282361
1665620
1718516
1595173
1719172
1707977
1672633
1717292
1720130
1718507
1720136
1038450
1718517
1669834
1720150
1720144
1720141
1720139
1276966
1720145
1720147
1718131
1526450
1529560
1720155
1718533
1719196
1656810
1718520
1718527
1719943
1720063
1674367
1715874
1718529
1718850
1720083
1561774
1423559
1718539
1533538
1588529
1606520
1626483
1618206
1719169
1718537
1614039
1190212
1630305
1715848
1413328
1720095
1715851
1718552
1718542
1720077
1720079
1720080
1720099
1717239
1653478
1718546
1718571
1257660
1715750
1718566
1652700
1718574
1718524
1518256
1720025
1636087
1573756
1715804
1715003
1718577
1718580
1649663
1718581
1718565
1718561
1583542
1204367
1648693
1720032
1680984
1427562
1562357
1599034
1682258
1718587
1709757
1715833
1054160
1541874
1606794
1718595
1678392
1718013
1720046
1720039
1719780
1513678
1715689
1623010
1667582
1720047
1720048
1719513
1720053
1574280
691134
1715724
1718609
1605397
1489917
1720060
1719129
1714866
1715716
1537313
1718603
1670235
1545485
1720066
1718949
1511531
1718621
1718631
1712650
1466118
1712880
1649885
1715537
1545538
1716771
1718985
1718613
1718568
1719973
1718626
1600589
1714929
920411
1712471
1719967
1718971
1715554
1676178
1719977
1718639
1719970
1719969
1433959
993740
1718863
1714763
1718648
1715581
1610386
1715540
1715562
1713231
934755
1717738
1578915
1715647
1587288
1680569
1674002
1715681
1713264
1719980
1718009
1717969
1542486
1551272
1638174
1464275
1720008
1376028
1302692
1514121
721564
1502837
1718664
1293738
1715555
1715594
1546126
1715810
1715638
1494381
1644113
1718669
1673992
1328912
1152576
1715598
1495287
1557868
1706390
1719946
1719953
1718695
1594118
1213993
1718675
1719944
1667386
1375990
1715863
1657526
1091828
1628056
1719958
1719949
1719951
1592144
1400452
1647671
1490579
1669510
1719960
1665829
1680376
1096479
1637082
1607431
1637108
1677277
1712773
1524040
1610053
1715543
1718047
1480485
1584056
1718879
1719884
1715564
1590163
1584448
691153
1452011
1281746
1662762
1273199
1714833
1522476
1680273
1715788
1506329
1121352
1708667
1665817
1681262
1636820
506005
1714585
1719906
996990
1714685
1715797
1715814
1715813
1567224
1226805
1701903
1572891
1275930
1664982
1409909
1705120
1715664
1378929
1715666
1634984
1462779
1719929
1715733
1674480
807385
1628957
1168477
1718831
226228
1719922
1611804
1419301
1597255
1625651
1588676
1484631
1663855
1167246
1278239
1670503
553323
1720118
1715085
1676236
1676192
1715627
1633734
1653491
1622169
1719936
1555429
1715548
1612654
745434
1608947
1499336
1360054
1671952
872613
1720112
1715584
1186610
1720611
1512891
1343939
1577667
1608270
1715622
1298151
1715597
1637752
1500905
1718033
1608037
1694185
1718569
1715623
1714544
1648516
1718084
1711894
1489572
1680801
1714395
1278483
1719865
1714476
1586158
1682112
1715700
1719871
1719872
609178
1714457
1716087
1434178
1665126
1718105
1568817
1718098
1542490
1681747
1718100
1715531
1333755
1126876
1487468
1717120
1618884
1718106
1416236
1720526
1719842
1261785
1719843
1719844
1693095
1241814
1578710
808596
1715347
1717872
1718114
1715354
1495505
1718113
1635470
1715418
1634400
1295617
1719813
1712743
1462515
1261720
1652088
1581847
1719811
1095149
1524139
1446247
1719829
1634383
1718065
918146
1715509
1466989
1715507
1634125
1634267
1451844
1159439
1719819
1719834
1715383
1560231
1672824
1718071
1714209
944672
1718737
1559891
1190588
1216015
1715457
1715373
1718023
1658785
1719817
1621246
1720491
1720493
1713135
1715479
1715488
1635855
1118205
1518368
1718036
1631462
1716872
1455404
1674088
1573355
1579804
1719799
1720462
1718041
1182775
1622930
1442391
1662424
1665900
1634414
1717812
1663841
1681971
474566
1715460
1677540
1677041
1715444
1678039
1713016
1713078
1719791
1276916
1715517
1718267
1719398
1412482
1634391
922461
1715495
1660778
1673313
1641609
1290682
1162965
1667004
1295215
1634392
1715520
1715051
1634377
1720390
1716925
1062405
1694250
1492047
1715527
1718700
1319136
1712759
1650612
1718692
1630102
1659578
1718877
1506517
1718001
1717992
1715493
1715486
1675879
1720750
1719552
1717998
1720740
1720736
1320173
1634412
1600433
1674180
1718003
1680426
1718015
1718011
1712460
1035459
1715435
1715433
1678165
797935
1715425
1715431
1718008
1639793
1539155
1719783
1720711
1453656
1717355
1720705
1720334
1715371
1718210
1720326
1714180
1714785
1270640
1715398
1650142
1644109
1678584
1512165
1715381
1630419
907929
1646170
1632042
1496825
1621525
1715392
1713993
828713
1714300
1613869
1718805
1714363
1720673
1717007
1402584
1717984
1678158
1718634
1717930
1720253
1715434
766972
1715396
1427922
1719773
1717956
1681199
1680447
1720600
1719668
1675908
1669700
1519567
1495498
1614694
1720652
1720230
1715438
1605822
1623642
1715491
1715530
1634369
1714268
1715400
1712051
1717963
1707796
1713696
1713705
1455592
1720620
1716413
1715276
1076606
1620610
1717976
1605743
1719742
1604744
1674121
1715007
1586592
1677198
1599610
1715278
1554450
1719730
1719743
1719739
1715339
1678093
1676822
1718578
1718592
1714024
1593899
1719754
1719757
1710348
1717945
1399906
1318864
1720226
1715189
1496078
1715125
1715310
1718572
1315063
1678216
1716714
1719841
1558724
1603591
1720607
1718536
1714687
1715325
1717931
1715307
1717924
1720595
1583777
1717920
1717923
1720461
1720474
1714570
1681744
1358999
1717865
1715328
1713484
1718475
1547741
1719688
1719690
1718833
1549326
1717919
1713504
1681538
1719683
1713349
1450630
1626626
1292045
1717918
1713733
1714814
1715271
1719697
1625282
1597627
1717799
1316254
1653321
1670142
1715282
1037124
1674608
1089753
1715294
1717819
1715284
1717814
1717832
1681441
1310987
1717811
1680897
1325774
1674998
1719711
1677234
1717835
1677251
1719709
1719714
1717825
1653341
1715302
1713514
1636713
1717828
1712883
1714786
1667331
1715237
1714130
1715616
1714757
1682160
1717848
1717851
1715225
1715267
1714102
1714116
1612528
1717843
1717858
1671732
1715019
1677632
1677626
1715258
1717871
1277761
1717853
1719264
1567606
1713830
1688991
1717864
1719662
1719676
1714331
1715226
1717885
1710300
1715254
1714191
1719673
1597771
1055337
1717891
1717888
1720096
1621906
1715245
1592737
1717910
1636418
1714812
1719634
1719603
1601726
392618
1714182
1716221
1428500
1714692
1719609
1717341
1309142
1632541
1679502
1717902
1367189
1477572
1021913
1715229
1713155
1561740
1717243
1711171
1718783
1719628
1676216
1718793
1714805
1662073
1489912
1713180
1715652
1715218
1681253
1718819
1630624
1717552
1672228
1715213
1716728
1717577
1715214
1717574
1208508
1463537
1425811
1717573
1719647
1450893
1717572
1719640
1714245
1719642
1673694
1632033
1673686
1717616
1717592
1570577
1599313
1713625
1714586
1715842
1717617
1315474
1391997
1719658
1719660
988355
1719655
1715729
1691950
1698986
1719657
1719656
1711978
1717638
1688520
1699783
1697640
1720064
1717624
1720059
1699532
1698999
1720037
1552084
1714677
1720075
1719525
1699581
1717646
1671941
1716587
1717647
1498444
1619790
1532310
1720509
1239344
1669750
1609631
1718597
1699749
1699238
1692366
1464649
1699475
1699270
1719442
1544282
1717659
1699150
1720355
1700016
1699483
995243
1719557
1715621
1707794
1715972
1615023
1719558
1699040
1714960
1719565
1710037
1698948
1281234
1717682
1698741
1714384
765157
1719572
1664681
1719567
1699806
1663142
1719590
1717704
1717694
1701077
1715181
1668550
1717693
1558019
1632980
1442907
934010
1716347
1717724
1713037
1719596
1717720
1650695
1634993
1090099
1681938
1717730
1717734
1672716
1713359
1716532
1540940
1717754
1717756
1333655
1711944
1676908
1718461
1719547
1717758
1399930
1528657
1565773
1717765
1182517
1487185
1717776
1717789
1719246
1480743
1309478
1516087
1669878
1719860
1627867
1720137
1497345
1678246
1718385
1593434
1238848
1717791
1718375
1359038
1717792
1719499
1529696
1609737
1645591
1717731
1716918
1719493
951900
1577288
1307750
1455319
1642630
1716916
1713802
1188834
1597787
1718092
1629997
1718099
1719501
1491460
1719507
1718115
1676596
1719506
1546263
1716876
1716885
1718547
1659221
1320400
1579238
1232659
1718381
1719517
1646838
1197401
1648644
1481901
1717869
1668400
1225212
1718496
1718268
1621148
1718743
1670468
1716870
1507719
1556980
1716863
1267341
1718729
1718725
1719528
1135150
1484990
1716853
1719526
1536590
1720262
giao-vien-ngu-van-j1717874
1679892
nhan-vien-van-hanh-ky-thuat-co-khi-may-dong-goi-j1653286
1360926
1715439
giao-vien-lich-su-j1717866
nhan-vien-nghiep-vu-van-phong-tieng-trung-go-dau-tay-ninh-thu-nhap-10-14-trieu-j1704836
1605784
1718760
1715748
chuyen-vien-quan-ly-mang-luoi-khoi-mang-luoi-va-quan-ly-chat-luong-ho25-164-j1714769
can-bo-cong-tac-hoc-sinh-mang-su-kien-j1706368
1719790
1666600
1680686
giao-vien-stem-j1708798
nhan-vien-kinh-doanh-sales-bds-luong-cung-6-8-trieu-thu-nhap-100-trieu-khong-ap-kpi-khong-y-c-kn-tai-ha-noi-j1704872
1632961
1678286
1701281
truong-phong-phat-trien-koc-affiliate-bd-manager-j1716891
1677000
1655645
nhan-vien-dieu-do-san-xuat-j1572569
nhan-vien-ho-tro-cham-soc-khach-hang-yeu-cau-kien-thuc-ke-toan-khong-yeu-cau-kinh-nghiem-luong-cung-7-5tr-8tr5-j1713851
1679072
1720232
1702083
chuyen-vien-kinh-doanh-mang-luoi-doi-tac-luong-cung-tu-9-15-5-trieu-thu-nhap-len-den-30-trieu-thang-co-hoi-thang-tien-nhanh-j1717831
1668885
1719288
truong-du-an-referral-marketing-ftu-neu-tmu-khong-yeu-cau-kinh-nghiem-marketing-j1687813
1716337
product-owner-product-manager-level-junior-middle-j1627339
1719289
1715900
1708467
nhan-vien-telesale-yeu-cau-gioi-tinh-nu-va-co-toi-thieu-6-thang-kinh-nghiem-telesale-lam-viec-tai-ha-noi-j1715806
1717271
1719291
senior-digital-media-planner-j1696041
1717276
nhan-vien-tu-van-tra-gop-tai-cua-hang-mien-dong-j1264922
1719319
1471186
nhan-vien-kinh-doanh-nhan-vien-tu-van-sale-khoa-hoc-data-san-100-toi-thieu-6-thang-kinh-nghiem-sale-j1685551
nhan-vien-editor-luong-co-ban-tu-12-trieu-dong-di-lam-ngay-j1716983
1296479
1698017
php-technical-leader-j1718081
1715685
1717982
chuyen-vien-kinh-doanh-mang-luoi-doi-tac-luong-cung-tu-9-15-5-trieu-thu-nhap-len-den-30-trieu-thang-co-hoi-thang-tien-nhanh-j1699545
chuyen-vien-kinh-doanh-express-delivery-logistics-thu-nhap-tu-12-20tr-hoa-hong-ha-noi-hai-phong-bac-ninh-hung-yen-hue-ha-nam-j1718309
1288211
1668155
truong-nhom-cham-soc-khach-hang-tieng-anh-thanh-thao-j1696513
1715727
1657902
nhan-vien-tu-van-tai-chinh-qua-dien-thoai-thu-nhap-trung-binh-tu-10-20-trieu-thang-j1263431
1719231
nhan-vien-kinh-doanh-nhan-vien-tu-van-tuyen-sinh-khoa-hoc-ielts-luong-10-30-trieu-thang-tai-ha-noi-j1656153
1682889
senior-product-owner-j734969
1676999
chuyen-vien-khach-hang-ca-nhan-cn-hau-giang-cnlt-1345-j1583255
1717535
truong-nhom-kinh-doanh-logistics-express-delivery-thu-nhap-18-30tr-toan-quoc-j1718349
1691477
1718137
nhan-vien-tu-van-tra-gop-tai-cua-hang-j1263750
nhan-vien-sale-khoa-hoc-tu-van-tuyen-sinh-nhan-vien-kinh-doanh-thu-nhap-len-toi-23-trieu-thang-data-san-100-j1683592
1719216
1682888
nhan-vien-tu-van-tai-chinh-kenh-tien-mat-j1263780
project-manager-supervisor-digital-marketing-field-operations-j1705043
1719252
1717184
nhan-vien-thu-phi-tin-dung-thi-truong-j1427976
chuyen-vien-khach-hang-doanh-nghiep-cn-dong-nai-cnlt-1118-j1582847
1591273
1719247
chuyen-vien-kinh-doanh-tu-van-quoc-te-nhan-viec-ngay-luong-cung-8-20tr-thang-tong-thu-nhap-len-toi-100tr-thang-j1661115
1717191
1719269
chuyen-vien-khach-hang-doanh-nghiep-cn-binh-dinh-cnlt-764-j1582534
nhan-vien-xu-ly-tin-dung-thi-truong-j1427955
1715701
chuyen-vien-khach-hang-ca-nhan-cn-hai-duong-cnlt-571-j1582131
1719226
production-engineer-assembly-j1717192
nhan-vien-tu-van-tai-chinh-thi-truong-cac-tinh-me-kong-j1264674
1718394
chuyen-vien-khach-hang-doanh-nghiep-cn-bac-ninh-cnlt-548-j1582074
nhan-vien-tu-van-tai-chinh-thi-truong-mien-trung-j1264830
1205918
1719229
chuyen-vien-khach-hang-ca-nhan-cn-bac-giang-cnlt-535-j1581945
nhan-vien-tu-van-tai-tan-binh-ho-chi-minh-fulltime-thu-nhap-hap-dan-10-20-trieu-nhan-vien-kinh-doanh-telemarketing-telesale-sale-online-sales-online-cham-soc-khach-hang-cskh-nhan-vien-sale-admin-nhan-vien-chot-don-j1715326
1717204
1633891
1717203
chuyen-vien-khach-hang-doanh-nghiep-cn-nghi-son-cnlt-440-j1582041
1719157
nhan-vien-kinh-doanh-tu-van-ban-hang-telesales-data-co-san-quan-12-thu-nhap-12-20-trieu-thang-yeu-cau-co-kinh-nghiem-j1718873
1464185
1004807
chuyen-vien-khach-hang-doanh-nghiep-khu-vuc-da-nang-cnlt-32-j1581593
cham-soc-khach-hang-nhan-vien-kiem-tra-ho-so-uu-tien-biet-tieng-anh-khong-ap-kpi-j1718460
1719175
1533376
chuyen-vien-khach-hang-doanh-nghiep-cn-kien-giang-cnlt-1352-j1582930
1647237
telesale-supervisor-giam-sat-ban-hang-call-center-j1711625
1680005
1718088
1717729
chuyen-vien-khach-hang-doanh-nghiep-cn-vung-tau-cnlt-1238-j1582825
1473484
1719202
1677747
1541585
1717560
chuyen-vien-khach-hang-ca-nhan-cn-binh-thuan-cnlt-1099-j1583232
process-engineer-ky-su-quy-trinh-j1712198
1717886
1610398
1604140
chuyen-vien-khach-hang-doanh-nghiep-cn-khanh-hoa-cnlt-896-j1582751
1717109
888796
1717107
1719195
1677302
1719206
922175
1486255
1715332
1667201
1720028
1714600
1717160
media-leader-j1719498
1717209
1404260
1612588
1718532
1719108
chuyen-vien-kinh-doanh-du-an-san-pham-cntt-j1717873
1718056
1717543
1716896
1719118
1683021
1656405
1719126
1719127
1719130
1613465
1719755
telesales-dat-lich-hen-mang-du-lich-khong-can-kinh-nghiem-chap-nhan-sinh-vien-moi-ra-truong-j1712762
cham-soc-khach-hang-xu-ly-khieu-nai-khong-ap-kpi-thu-viec-100-luong-biet-tieng-anh-duoc-xoay-ca-j1707126
1719992
1677535
nhan-vien-truyen-thong-bao-chi-mang-y-te-suc-khoe-j1711425
1718965
1706988
chuyen-vien-tu-van-tuyen-sinh-kinh-doanh-sales-consultant-thu-nhap-len-den-30-trieu-ila-binh-thanh-phu-nhuan-j1715650
1718704
1067064
chuyen-vien-khach-hang-ca-nhan-cn-vinh-long-cnlt-1441-j1583261
research-executive-cmk-filed-work-j1702051
1677497
1715346
chuyen-vien-khach-hang-ca-nhan-cn-ben-tre-cnlt-1291-j1583242
1717884
1681681
1701735
1678190
chuyen-vien-khach-hang-doanh-nghiep-cn-ninh-thuan-cnlt-950-j1582745
576610
nhan-vien-tu-van-du-lich-kinh-doanh-du-lich-duoc-ho-tro-khach-hang-chap-nhan-sinh-vien-moi-ra-truong-j1712816
1681104
1715865
1719093
chuyen-vien-khach-hang-ca-nhan-cn-dak-lak-cnlt-811-j1582437
chuyen-vien-kinh-doanh-express-delivery-logistics-thu-nhap-tu-12-20tr-hoa-hong-hcm-binh-duong-dong-nai-long-an-vung-tau-da-nang-nha-trang-j1712297
1674295
1717063
1713040
1651636
truong-nhom-telesale-teamlead-telesales-luong-cung-tu-15-20tr-thu-nhap-trung-binh-max-40-trieu-thang-j1711077
1719024
chuyen-vien-thuong-hieu-tuyen-dung-senior-employer-branding-j1704123
1717067
nhan-vien-event-planner-to-chuc-su-kien-cong-ty-phan-phoi-va-doi-tac-truyen-thong-voi-cac-nhan-hang-luong-10-15-trieu-j1703754
1547379
1678400
cua-hang-truong-chi-nhanh-bien-hoa-j1706153
1718671
nhan-vien-kiem-tra-ho-so-cham-soc-khach-hang-app-taxi-cong-nghe-thu-viec-100-luong-khong-ap-kpi-co-tieng-anh-la-mot-loi-the-j1710299
1637299
1663292
1717770
truong-nhom-cham-soc-khach-hang-call-center-thu-nhap-hap-dan-phong-van-di-lam-ngay-j1704303
cong-tac-vien-tiep-thi-truc-tiep-j1718061
senior-design-verification-engineer-j1717695
1698072
1682772
1663286
truong-nhom-ke-hoach-j1692968
1710621
cua-hang-truong-chi-nhanh-au-co-j1715283
1717583
nhan-vien-cham-soc-khach-hang-qua-dien-thoai-cskh-no-sale-thu-nhap-hap-dan-tu-9-11-trieu-thang-j1707199
1715069
1453999
1719059
tong-dai-vien-cham-soc-khach-hang-ngan-hang-quan-doi-mb-bank-j1703813
1579474
nhan-vien-kinh-doanh-tu-van-phan-mem-ke-toan-misa-khong-yeu-cau-kinh-nghiem-j1698824
1718701
nhan-vien-kiem-duyet-vien-noi-dung-san-pham-san-thuong-mai-dien-tu-shopee-khong-yeu-cau-kinh-nghiem-ho-tro-online-tai-nha-sau-2-thang-thu-viec-j1702883
ke-toan-tong-hop-mang-san-xuat-j1717933
1670520
1671693
1607143
nhan-vien-tu-van-tra-gop-tai-cua-hang-mien-trung-j1265031
thuc-tap-sinh-tuyen-dung-lam-viec-tai-cu-chi-j1697814
truong-nhom-ban-hang-tai-diem-gioi-thieu-dich-vu-binh-phuoc-j1414987
1660426
nhan-vien-van-phong-fulltime-100-data-nong-thu-viec-nhan-100-luong-nhan-vien-kinh-doanh-telemarketing-sale-online-sales-online-tu-van-telesale-nhan-vien-sales-admin-cham-soc-khach-hang-cskh-nhan-vien-chot-don-j1718777
chuyen-vien-khach-hang-doanh-nghiep-cn-tay-ninh-cnlt-1208-j1582832
1715877
1717046
1329264
chuyen-vien-khach-hang-ca-nhan-cn-dong-nai-cnlt-1117-j1583252
giam-sat-ban-hang-telesales-contact-center-j1717208
chuyen-vien-khach-hang-ca-nhan-cn-ninh-thuan-cnlt-949-j1582489
chuyen-vien-hanh-chinh-tong-hop-nhan-viec-ngay-j1649112
nhan-vien-doi-tac-ban-hang-khong-ap-chi-tieu-khong-rang-buoc-thoi-gian-mien-bac-j1549646
chuyen-vien-khach-hang-ca-nhan-cn-khanh-hoa-cnlt-895-j1582476
1669511
1719923
chuyen-vien-khach-hang-ca-nhan-cn-hue-cnlt-865-j1582471
1492839
chuyen-vien-chuyen-vien-cao-cap-quan-tri-rui-ro-cong-nghe-technology-risk-management-specialist-senior-specialist-khoi-quan-tri-rui-ro-ho25-197-j1719909
nhan-vien-kinh-doanh-bat-dong-san-cskh-tu-van-sales-can-ho-khong-yc-kinh-nghiem-thu-viec-nhan-full-luong-ho-tro-marketing-thu-nhap-upto-100-trieu-j1715952
ke-toan-tong-hop-thanh-xuan-nhan-viec-ngay-j1708197
tu-van-vien-trang-suc-tai-thu-dau-mot-j1719785
1719315
chuyen-vien-khach-hang-ca-nhan-cn-thai-nguyen-cnlt-679-j1582112
1718069
1713581
chuyen-vien-khach-hang-doanh-nghiep-cn-tu-son-cnlt-674-j1582103
1711048
1499837
1477565
1337415
1679661
1515606
nhan-vien-kinh-doanh-nhan-vien-tu-van-sale-khoa-hoc-data-san-100-toi-thieu-6-thang-kinh-nghiem-sale-j1710225
chuyen-vien-khach-hang-ca-nhan-cn-hung-yen-cnlt-601-j1582126
1719005
1717445
1718446
truong-tram-giao-nhan-truong-buu-cuc-mien-nam-j1717432
1475114
1719003
chuyen-vien-khach-hang-ca-nhan-khu-vuc-da-nang-cnlt-31-j1581595
1598868
1719019
physical-design-fresher-j1717387
1594695
1629479
1719873
1346989
1678763
senior-physical-design-engineer-j1717427
1624719
1682958
1610002
1717781
1718905
1717233
1717190
1676045
1682681
1675940
1089092
1693599
cham-soc-khach-hang-kenh-chat-line-tieng-anh-thu-nhap-hon-10-trieu-j1717195
1139647
1712684
1717775
1499458
1717737
1611658
1701065
chuyen-vien-kinh-doanh-dich-vu-quang-cao-ha-noi-luong-co-dinh-8-13tr-hoa-hong-hap-dan-dao-tao-bai-ban-j1685982
1714908
giam-doc-phong-giao-dich-j1717220
1353312
chuyen-vien-khach-hang-ca-nhan-cn-tay-ninh-cnlt-1207-j1583246
1611722
chuyen-vien-khach-hang-doanh-nghiep-cn-long-thanh-cnlt-1166-j1582840
1519894
1718967
chuyen-vien-khach-hang-ca-nhan-cn-gia-lai-cnlt-841-j1582443
1661303
nhan-vien-tu-van-ban-hang-j1567040
chuyen-vien-khach-hang-ca-nhan-cn-nghe-an-cnlt-415-j1582007
1667417
1718964
chuyen-vien-khach-hang-ca-nhan-khu-vuc-binh-duong-cnlt-37-j1581591
1717181
1717979
1716295
1717182
1718974
can-bo-van-hoa-doan-the-phu-trach-truyen-thong-j1618208
can-bo-nhan-su-phu-trach-tuyen-dung-j1717153
1717846
nhan-vien-sale-tu-van-ban-hang-truc-page-zalo-ho-tro-khach-hang-co-nhu-cau-quan-12-thu-nhap-12-21-trieu-thang-yeu-cau-co-kinh-nghiem-j1706203
sales-online-nganh-ban-le-70-telesales-j1717668
1623095
1718430
1717415
1271083
1714748
1679747
1719604
chuyen-vien-quan-ly-chat-luong-khoi-mang-luoi-va-quan-ly-chat-luong-ho25-163-j1714765
chuyen-vien-quan-he-khach-hang-ca-nhan-j1713136
chuyen-vien-khach-hang-ca-nhan-cn-long-thanh-cnlt-1165-j1583249
chuyen-vien-quan-he-khach-hang-ca-nhan-j1713071
1712644
chuyen-vien-quan-he-khach-hang-ca-nhan-j1713049
chuyen-vien-quan-he-khach-hang-ca-nhan-j1713114
nhan-vien-ban-hang-thoi-trang-j1714431
1613671
1719686
1716910
1715012
1719832
1385679
1716895
chuyen-vien-khach-hang-ca-nhan-cn-ca-mau-cnlt-1297-j1583253
devops-engineer-khoi-cong-nghe-thong-tin-ho25-202-j1679332
1716915
chuyen-vien-chuyen-vien-cao-cap-mo-hinh-rui-ro-thi-truong-market-risks-modelling-specialist-senior-specialist-khoi-quan-tri-rui-ro-ho25-192-j1679319
chuyen-vien-khach-hang-ca-nhan-cn-an-giang-cnlt-1261-j1583244
1716926
1654384
chuyen-vien-cao-cap-chuyen-gia-quan-tri-rui-ro-tap-doan-senior-specialist-group-risk-management-expert-khoi-quan-tri-rui-ro-ho25-191-j1719809
1716934
chuyen-vien-khach-hang-ca-nhan-cn-viet-tri-cnlt-703-j1583241
1261215
thu-kho-ba-ria-vung-tau-j1604764
1718693
1716938
1233715
1718730
1717600
giao-vien-tieng-anh-j1717073
1714758
ke-toan-thanh-toan-payment-accountant-j1593631
1716791
1714671
1707625
nhan-vien-kiem-soat-thu-hoi-du-no-tin-dung-j1713445
1711334
technical-leader-j1708384
1626602
1160067
1705617
1671812
1621728
1700386
1716708
chuyen-vien-khach-hang-ca-nhan-cn-thanh-hoa-cnlt-499-j1581953
1708300
1714259
1380027
1566032
nhan-vien-cham-soc-khach-hang-khong-ap-kpi-bat-buoc-tieng-quang-dong-thu-nhap-len-den-16-trieu-thu-viec-100-luong-j1698283
1716731
1704630
digital-marketing-specialist-j1694687
giao-vien-tieng-anh-j1717065
1716566
1586224
1586165
1681181
1445214
1715808
1132750
1609418
1719405
1716647
1220083
1716577
chuyen-vien-cao-cap-kien-truc-giai-phap-du-lieu-data-architect-khoi-du-lieu-ho25-180-j1719752
1562287
1716579
1710837
full-stack-software-engineer-data-engineer-khoi-du-lieu-ho25-179-j1719748
1700594
chuyen-vien-tham-dinh-khach-hang-doanh-nghiep-lon-tham-dinh-du-an-large-corporate-customer-appraisal-project-appraisal-specialist-khoi-tham-dinh-ho25-178-j1719737
1547868
1714941
1710363
1716788
cloud-engineer-j1719239
1619423
1710188
1719713
1717385
1710070
chuyen-vien-tham-dinh-khach-hang-vua-va-nho-sme-sme-customer-appraisal-specialist-khoi-tham-dinh-ho25-177-j1671926
1717447
1688692
chuyen-vien-tham-dinh-khach-hang-ca-nhan-retail-customer-appraisal-specialist-khoi-tham-dinh-ho25-176-j1669542
1520214
1709424
1716473
cloud-data-engineer-khoi-du-lieu-ho25-205-j1719699
1648470
chuyen-gia-phat-trien-giai-phap-j1717377
devsecops-engineer-khoi-cong-nghe-thong-tin-ho25-203-j1719677
1716601
1708676
thuc-tap-sinh-cloud-engineer-devops-j645911
1716602
nhan-vien-cham-soc-khach-hang-gio-hanh-chinh-thu-nhap-den-10-5-trieu-j1708654
senior-database-developer-j1719179
1604545
1707009
1716685
senior-manager-digital-marketing-j1708161
chuyen-vien-khach-hang-doanh-nghiep-cn-phu-quoc-cnlt-1394-j1582925
1716780
business-analyst-j1719119
nhan-vien-lai-xe-cho-giam-doc-yeu-cau-linh-hoat-thoi-gian-san-sang-theo-lich-trinh-cua-giam-doc-luong-fix-j1707738
chuyen-gia-tu-van-va-quan-ly-tai-san-wealth-management-expert-private-banker-khoi-khach-hang-ca-nhan-ho25-206-j1719718
nhan-vien-kinh-doanh-blu-j1716781
nhan-vien-graphic-designer-thiet-ke-in-an-bao-bi-va-thiet-ke-poster-san-thuong-mai-dien-tu-j1707375
1716774
1719454
1707069
1716815
1581576
sales-admin-logistics-mitsui-vietnam-j1706672
1716806
nhan-vien-kinh-doanh-dich-vu-ke-toan-j1718144
1707067
cham-soc-khach-hang-line-tieng-trung-thu-nhap-den-13-trieu-khong-yeu-cau-kinh-nghiem-j1716927
full-stack-developer-junior-middle-j1718257
chuyen-vien-khach-hang-doanh-nghiep-cn-ba-ria-cnlt-1028-j1582680
1706919
1719198
chuyen-vien-khach-hang-ca-nhan-cn-ba-ria-cnlt-1027-j1583236
1713558
1706823
nhan-vien-thu-hoi-phi-qua-han-khu-vuc-tay-nguyen-j1717407
chuyen-vien-khach-hang-ca-nhan-cn-quang-tri-cnlt-1015-j1583237
1706862
1713500
nhan-vien-xu-ly-don-hang-ho-tro-nha-phan-phoi-du-an-bia-hcm-j1717862
1706758
1713645
chuyen-vien-khach-hang-doanh-nghiep-cn-quang-binh-cnlt-968-j1582738
1604154
1714327
1706241
1663350
1713619
1705170
chuyen-vien-khach-hang-ca-nhan-cn-kon-tum-cnlt-889-j1582474
1719360
1620148
1705029
1711837
chuyen-vien-khach-hang-ca-nhan-cn-tra-vinh-cnlt-1435-j1583260
1713606
1625095
1713593
1705770
1716574
1717683
1637721
932794
1676132
1705652
1652859
deskside-support-engineer-it-support-it-hcm-j1705536
1062391
1619233
1705496
1718689
1677533
chuyen-vien-khach-hang-ca-nhan-cn-quang-ninh-cnlt-445-j1581973
chuyen-vien-ke-toan-senior-accountant-tp-ho-chi-minh-j677262
1718560
1628263
giao-dich-vien-tai-chinh-tai-cua-hang-pnj-tai-ho-chi-minh-thu-nhap-tu-9-20-trieu-j1683653
1719217
1675863
1705329
1256137
1588016
nhan-vien-cskh-ho-tro-nha-ban-hang-gio-hanh-chinh-j1704708
1719174
1716614
1705023
1719106
1716544
720739
1718983
1704810
1546986
1704771
1719065
1704658
1716616
1716540
1641282
truong-nhom-hanh-chinh-nhan-su-manh-cb-di-lam-ngay-j1590691
1719057
1625000
1662584
1718674
1716634
1717836
nhan-vien-phap-che-doanh-nghiep-cong-ty-phan-phoi-thiet-bi-dien-thu-nhap-15-18-trieu-j1703760
1716772
1703360
1718148
1050565
1402461
1718836
1476005
1496169
1660692
1716387
1703079
1680486
1716721
1647046
1718399
1654677
1696793
1717688
1702637
1716883
1717288
1702648
1337374
1719009
1586583
1702459
1526325
thuc-tap-sinh-thiet-ke-noi-dung-dao-tao-j1718141
1314498
1702048
giao-dich-vien-fpt-telecom-j1718775
1678982
1474395
1586109
1718652
chuyen-vien-dao-tao-trien-khai-phan-mem-misa-amis-khong-sales-j1701719
1659689
1714852
chuyen-vien-khach-hang-ca-nhan-cn-vung-tau-cnlt-1237-j1583245
1716575
1716669
chuyen-vien-khach-hang-doanh-nghiep-cn-tam-hiep-cnlt-1196-j1582835
1714425
1715275
chuyen-vien-khach-hang-ca-nhan-cn-tam-hiep-cnlt-1195-j1583247
1715817
nhan-vien-nhac-han-thanh-toan-qua-dien-thoai-j1718590
1666937
chuyen-vien-khach-hang-ca-nhan-cn-long-khanh-cnlt-1153-j1583250
chuyen-vien-thu-hoi-no-hien-truong-no-som-j1630456
chuyen-vien-khach-hang-doanh-nghiep-cn-quang-ngai-cnlt-992-j1582726
chuyen-vien-quan-he-khach-hang-doanh-nghiep-j1715935
1715420
chuyen-vien-khach-hang-ca-nhan-cn-quang-ngai-cnlt-991-j1583238
1715588
nhan-vien-xu-ly-tin-dung-qua-han-thuc-dia-hoa-binh-j1678433
1673460
chuyen-vien-khach-hang-ca-nhan-cn-phu-yen-cnlt-955-j1583240
nhan-vien-xu-ly-tin-chap-qua-han-tai-nha-khach-hang-j1681185
1716552
chuyen-vien-khach-hang-ca-nhan-cn-nam-khanh-hoa-cnlt-943-j1582427
1717227
1718962
1586975
1717213
chuyen-vien-khach-hang-ca-nhan-cn-binh-dinh-cnlt-763-j1582432
1716650
1552899
chuyen-vien-khach-hang-doanh-nghiep-cn-thanh-hoa-cnlt-500-j1582064
1714251
1717281
chuyen-vien-khach-hang-ca-nhan-cn-dong-anh-cnlt-55-j1581985
1586649
1062838
1716639
chuyen-vien-khach-hang-doanh-nghiep-khu-vuc-can-tho-cnlt-44-j1581687
1038382
1716629
chuyen-vien-khach-hang-ca-nhan-khu-vuc-hoc-mon-tp-ho-chi-minh-cnlt-19-j1581564
1024144
951221
chuyen-vien-khach-hang-ca-nhan-khu-vuc-ho-chi-minh-cnlt-13-j1581555
1662091
1265756
chuyen-vien-khach-hang-doanh-nghiep-khu-vuc-ho-chi-minh-cnlt-14-j1581559
1716757
739113
1718074
1701523
1701419
1666904
1622507
1699487
1153721
1062222
chuyen-vien-tuyen-dung-talent-acquisition-j1549399
1716799
1718936
ky-su-phat-trien-backend-java-backend-developer-middle-junior-level-khoi-cong-nghe-thong-tin-holt-03-j1700751
cvcc-phan-tich-kinh-doanh-ha-noi-ta050-j1680062
1567051
1717212
1718938
ky-su-phat-trien-fullstack-khoi-cong-nghe-thong-tin-holt-04-j1700744
1682964
937402
mb-trainee-backend-engineer-sinh-vien-fresher-khoi-cong-nghe-thong-tin-holt-09-j1700701
1650400
chuyen-vien-thanh-toan-doi-soat-the-ha-noi-ta112-j1716787
1718922
middle-senior-level-ky-su-phat-trien-backend-java-backend-developer-khoi-cong-nghe-thong-tin-holt-11-j1700693
1675646
1717238
middle-senior-level-ky-su-phat-trien-fullstack-java-fullstack-developer-khoi-cong-nghe-thong-tin-holt-12-j1700689
1718551
1717229
nhan-vien-tu-van-tuyen-sinh-trung-tam-tieng-anh-j1612085
1715695
truong-phong-kinh-doanh-sme-thanh-hoa-ta098-j1716931
tu-van-khoa-hoc-cham-soc-hoc-vien-luong-cung-8tr-18tr-thu-nhap-khong-gioi-han-khong-yeu-cau-kinh-nghiem-giao-duc-j1549430
1549924
1677231
1463402
nhan-vien-hse-luong-15-20tr-thang-co-the-di-lam-ngay-j1716666
1717980
content-creator-content-marketing-content-performance-j1644381
1716298
1718917
1690446
1716485
1718914
1718909
1716292
thuc-tap-sinh-quan-he-khach-hang-doanh-nghiep-j1577393
1718697
1716516
1681991
1718699
1575159
1681806
1493206
1668087
1678632
1212915
1403849
1676330
1649518
1261978
1064345
1718707
giam-doc-trung-tam-mo-moi-sme-lam-son-thanh-hoa-ta098-j1717101
1680026
1681237
1720344
1716452
1718716
1720695
1716456
1718719
1716458
1685239
1718720
1340004
1180767
1716993
1592271
1718717
1717098
1682050
1720026
1585064
1682358
1720199
1072883
1718722
1720499
1578350
1718733
1720679
1718735
1716346
cham-soc-khach-hang-truc-tong-dai-xu-ly-khieu-nai-co-tieng-anh-xoay-ca-thu-nhap-10-13-trieu-j1720690
1717122
1716356
1666237
1718540
1718749
1595932
1716367
1677186
1682087
1716335
1718754
1582669
1720782
1720765
1697950
1497968
1720767
1718748
1663752
1720826
1718741
1720753
ky-thuat-vien-j1716383
1639960
1718766
1609439
1720741
1696713
1674856
1716359
1715359
1716439
1471589
1693612
1583749
1719221
1718757
1717123
1720415
1401662
1717154
1302115
1720422
1498460
1720421
1716324
1719626
1418004
1716709
1716393
1709172
1529569
1716376
1719325
1714502
1497984
1720420
1716438
1433924
1715389
1669948
1718799
1714610
1262750
1718822
1577723
1720454
1673214
1718829
1720449
1716535
1718823
1603652
1720431
1717867
ky-thuat-vien-fpt-telecom-j1711906
1451794
1718830
1716054
1720451
1718814
1717078
1718369
1716555
1718818
1577134
1716517
1668100
1718821
1718826
1499470
1677257
1633928
1713586
1720496
1713661
ky-thuat-vien-j1336933
1717763
1720500
1718834
1713813
1720490
1460126
1720503
1717708
1719514
1717456
1719375
1716278
1519830
1560587
621718
1718861
1718860
nhan-vien-thu-cuoc-dich-vu-vien-thong-stg-j1716378
1494730
763665
1716402
1675064
1476400
1720511
1715076
1578997
1718854
1515932
1670936
1665253
1600917
1718848
1352408
1670416
1720544
1716308
1718874
1625087
1492226
1716272
1680997
1715792
1579261
1716052
1642159
1720563
nhan-vien-content-marketing-j1716283
1720554
1716042
1701097
1716240
1716286
1444643
1701126
1676546
1719566
1700673
1716280
1720580
can-bo-y-te-j1701209
1716093
1039736
1699851
1657360
1720588
1698962
1593401
1635141
1710507
1716494
1719214
1588212
1699399
1720579
1671127
1700965
1718715
1680557
1720586
1700735
1711031
1709422
1720568
1541091
1716062
1653988
chuyen-vien-nhan-su-tong-hop-j1716167
1533602
1599093
1720585
1716072
979916
1671575
1720602
1716258
1572274
1716262
1720643
1653939
1720626
1716238
1719733
1600071
1545505
1603059
1600085
1716113
1720627
1718154
1720624
1241501
1660314
1716180
1714945
1720650
1607739
chuyen-vien-kinh-doanh-thuong-mai-dien-tu-j1711693
data-analyst-j1718166
1716208
1669475
1715789
1569303
1718162
1718191
1720663
1718185
1718194
1720647
1718177
1719710
1718176
1718187
1720669
1720672
1715142
1666656
1718178
1719632
1667152
1715781
1674442
1716104
1679470
883211
1536637
1718175
1716157
nhan-vien-kinh-doanh-j1717700
1678466
1718208
1716078
1718217
1625254
1544135
1718216
1718202
1716344
1718227
1673292
1678283
1718233
1674229
1717296
1716215
1507634
1184393
1718239
1423112
1716182
1170608
1680906
1718260
1682216
1677170
1128414
1716212
1718255
1716217
1718254
1718251
1716020
1716642
1718250
1649208
1681857
1445190
1715960
1118721
1714608
1718264
1718273
1677208
1718282
1680599
1678300
1718283
1710719
1542304
1715918
1045333
1720372
1715912
1718315
1432392
1718308
1680413
1715920
1718338
1720379
1360248
1717352
1578112
1298509
1720380
1562467
1625421
985844
1717330
1715937
1636711
1676348
1619839
1614604
1377448
1718359
1719372
1716032
1720280
1662372
1611939
1714458
1717087
1254418
1715959
1333427
1718361
1712910
1715939
1715083
1719114
1718365
1720288
1718368
1720293
523384
1679933
1576694
1718383
1523039
1501012
754976
1353409
1715909
1620004
1720310
1715885
1717282
1719132
1715890
1719349
1191582
1198160
1243718
1712298
1630325
1719888
1718409
1678426
1715913
1575566
1144157
1719058
1715929
1125741
1715930
1592475
1330391
1668614
1133700
1713904
1674494
1720312
1716035
1718835
1716028
1720331
1715342
1427787
1633134
1718479
1719048
1670597
1718215
1715875
1717453
1676417
1680153
1022164
1588523
1712545
1714857
1675184
1649310
1478306
1568705
1676715
1715500
1718508
1714944
1720251
1404619
1715847
1477620
1718509
1674405
1720267
1718510
1715844
1720266
1718518
1676327
1719314
1718535
1668249
1719050
1718519
1609324
1638377
1625418
1715772
1720269
1718530
1715751
1645538
953272
1715754
1682470
1414714
1715752
1718553
1715566
1715801
1549698
1717741
1673492
1718557
1715000
1717188
1594758
1720237
1713838
1562344
1715776
1718454
1715793
1720233
1718554
1667812
1659962
934850
1720163
1715802
1716924
1641143
1715803
1716390
1720156
1242983
1718588
